	geographical region - respondent (oecd tl2) (coded)																
	KZ1	KZ10	KZ11	KZ12	KZ13	KZ14	KZ15	KZ16	KZ2	KZ3	KZ4	KZ5	KZ6	KZ7	KZ8	KZ9	Total
	No.	No.	No.	No.	No.	No.	No.	No.	No.	No.	No.	No.	No.	No.	No.	No.	No.
current work - learning - learning from co-workers/supervisors																	
never	26	46	36	26	147	36	19	86	123	37	38	73	25	47	46	84	895
less than once a month	43	35	11	33	158	19	21	85	104	43	43	74	33	33	45	47	827
less than once a week but at least once a month	15	20	4	13	88	22	12	57	38	37	20	70	23	33	23	41	516
at least once a week but not every day	29	21	0	6	31	14	12	42	42	21	23	50	25	24	32	29	401
every day	38	33	6	19	23	24	20	76	46	33	19	79	39	23	58	87	623
Total	151	155	57	97	447	115	84	346	353	171	143	346	145	160	204	288	3262

current work - learning - learning-by-doing																	
never	24	35	38	23	148	25	15	90	125	35	39	43	25	45	43	78	831
less than once a month	40	34	11	32	190	27	25	93	120	49	45	90	28	37	51	56	928
less than once a week but at least once a month	22	20	5	14	96	17	10	60	58	43	35	89	26	35	38	47	615
at least once a week but not every day	27	19	2	14	48	16	13	39	49	29	21	75	31	29	41	30	483
every day	48	56	6	23	39	32	25	97	60	38	25	103	37	28	69	106	792
Total	161	164	62	106	521	117	88	379	412	194	165	400	147	174	242	317	3649

current work - learning - keeping up to date																	
never	40	51	38	23	141	54	21	73	112	59	43	71	16	74	47	86	949
less than once a month	39	43	9	29	195	19	17	107	139	48	44	100	29	24	59	78	979
less than once a week but at least once a month	19	20	6	17	104	24	14	76	58	41	24	73	21	21	40	31	589
at least once a week but not every day	27	19	3	9	53	10	16	49	57	24	28	58	29	22	34	44	482
every day	36	31	6	28	28	10	20	74	45	22	27	98	53	34	61	81	654
Total	161	164	62	106	521	117	88	379	411	194	166	400	148	175	241	320	3653

