	age_gr			
	aged 16 to 29	aged 30 to 50	aged 50+	Total
	No.	No.	No.	No.
current work - learning - learning from co-workers/supervisors				
never	148	539	208	895
less than once a month	182	500	146	828
less than once a week but at least once a month	134	315	67	516
at least once a week but not every day	140	205	56	401
every day	223	321	79	623
Total	827	1880	556	3263

current work - learning - learning-by-doing				
never	117	504	210	831
less than once a month	193	567	169	929
less than once a week but at least once a month	160	360	95	615
at least once a week but not every day	171	260	52	483
every day	267	417	108	792
Total	908	2108	634	3650

current work - learning - keeping up to date				
never	196	539	215	950
less than once a month	222	586	171	979
less than once a week but at least once a month	146	352	91	589
at least once a week but not every day	147	265	70	482
every day	198	366	90	654
Total	909	2108	637	3654

