	age_gr			
	aged 16 to 29	aged 30 to 50	aged 50+	Total
	No.	No.	No.	No.
skill use work - time cooperating with co-workers				
none of the time	89	214	86	389
up to a quarter of the time	292	634	188	1114
up to half of the time	170	338	106	614
more than half of the time	177	313	83	573
all of the time	271	578	189	1038
Total	999	2077	652	3728

skill use work - how often - sharing work-related info				
never	167	446	169	782
less than once a month	127	315	96	538
less than once a week but at least once a month	81	204	47	332
at least once a week but not every day	159	376	112	647
every day	560	992	312	1864
Total	1094	2333	736	4163

skill use work - how often - teaching people				
never	544	1213	395	2152
less than once a month	153	339	103	595
less than once a week but at least once a month	87	158	37	282
at least once a week but not every day	99	197	81	377
every day	210	424	120	754
Total	1093	2331	736	4160

skill use work - how often - presentations				
never	753	1620	572	2945
less than once a month	142	333	72	547
less than once a week but at least once a month	80	159	42	281
at least once a week but not every day	51	119	27	197
every day	67	103	24	194
Total	1093	2334	737	4164

skill use work - how often - selling				
never	606	1434	515	2555
less than once a month	71	103	30	204
less than once a week but at least once a month	33	79	20	132
at least once a week but not every day	46	102	23	171
every day	335	614	149	1098
Total	1091	2332	737	4160

skill use work - how often - advising people				
never	382	877	334	1593
less than once a month	124	255	70	449
less than once a week but at least once a month	61	163	47	271
at least once a week but not every day	107	239	76	422
every day	418	793	211	1422
Total	1092	2327	738	4157

skill use work - how often - planning own activities				
never	249	532	185	966
less than once a month	129	245	59	433
less than once a week but at least once a month	64	158	52	274
at least once a week but not every day	127	294	101	522
every day	522	1102	337	1961
Total	1091	2331	734	4156

skill use work - how often - planning others activities				
never	691	1414	489	2594
less than once a month	105	175	42	322
less than once a week but at least once a month	41	132	34	207
at least once a week but not every day	70	164	57	291
every day	178	441	110	729
Total	1085	2326	732	4143

skill use work - how often - organising own time				
never	252	578	202	1032
less than once a month	101	193	44	338
less than once a week but at least once a month	57	141	38	236
at least once a week but not every day	135	232	82	449
every day	545	1184	367	2096
Total	1090	2328	733	4151

skill use work - how often - influencing people				
never	523	1129	382	2034
less than once a month	120	203	62	385
less than once a week but at least once a month	61	142	38	241
at least once a week but not every day	92	233	76	401
every day	294	618	179	1091
Total	1090	2325	737	4152

skill use work - how often - negotiating with people				
never	557	1200	435	2192
less than once a month	118	227	66	411
less than once a week but at least once a month	59	192	30	281
at least once a week but not every day	96	226	78	400
every day	262	481	128	871
Total	1092	2326	737	4155

skill use work - problem solving - simple problems				
never	153	368	146	667
less than once a month	206	460	130	796
less than once a week but at least once a month	171	400	120	691
at least once a week but not every day	217	446	147	810
every day	340	642	190	1172
Total	1087	2316	733	4136

skill use work - problem solving - complex problems				
never	227	525	196	948
less than once a month	319	697	217	1233
less than once a week but at least once a month	206	469	142	817
at least once a week but not every day	187	363	113	663
every day	149	258	65	472
Total	1088	2312	733	4133

skill use work - how often - using hands or fingers				
never	361	772	240	1373
less than once a month	100	193	54	347
less than once a week but at least once a month	51	168	37	256
at least once a week but not every day	97	246	102	445
every day	482	955	304	1741
Total	1091	2334	737	4162

skill use work - not challenged enough				
yes	811	1910	553	3274
no	87	181	80	348
Total	898	2091	633	3622

skill use work - need more training				
yes	488	769	161	1418
no	422	1338	477	2237
Total	910	2107	638	3655

