	geographical region - respondent (oecd tl2) (coded)																
	KZ1	KZ10	KZ11	KZ12	KZ13	KZ14	KZ15	KZ16	KZ2	KZ3	KZ4	KZ5	KZ6	KZ7	KZ8	KZ9	Total
	No.	No.	No.	No.	No.	No.	No.	No.	No.	No.	No.	No.	No.	No.	No.	No.	No.
as part of job, read or use directions or instructions - levels collapsed (trend																	
at least once a week	58	76	11	53	102	51	40	167	139	72	81	161	92	39	94	119	1355
less than once a week	27	18	2	11	68	7	15	72	63	22	25	79	0	24	22	30	485
rarely or never	103	103	57	69	376	84	59	179	273	123	102	218	69	130	157	221	2323
Total	188	197	70	133	546	142	114	418	475	217	208	458	161	193	273	370	4163

as part of job, read or use letters, memos, e-mails - levels collapsed (trend-ia																	
at least once a week	90	69	19	63	122	52	49	167	223	83	75	196	80	68	94	124	1574
less than once a week	10	7	3	3	48	2	5	28	25	9	6	40	7	8	15	14	230
rarely or never	88	122	48	67	376	88	60	223	227	125	127	222	74	117	164	233	2361
Total	188	198	70	133	546	142	114	418	475	217	208	458	161	193	273	371	4165

as part of job, read or use reports, articles, magazines, journals - levels coll																	
at least once a week	58	58	10	32	59	43	35	93	95	55	40	106	68	47	64	71	934
less than once a week	15	8	2	14	66	5	8	52	32	13	10	59	14	16	24	31	369
rarely or never	114	132	58	87	421	94	71	273	348	149	158	294	79	130	185	269	2862
Total	187	198	70	133	546	142	114	418	475	217	208	459	161	193	273	371	4165

as part of job, read or use manuals, reference books, catalogues - levels collap																	
at least once a week	61	64	5	53	66	36	37	126	106	53	71	135	85	41	76	88	1103
less than once a week	20	17	7	9	59	4	16	75	68	26	28	98	13	17	30	28	515
rarely or never	106	117	58	71	421	102	61	217	301	138	108	226	63	135	167	254	2545
Total	187	198	70	133	546	142	114	418	475	217	207	459	161	193	273	370	4163

as part of job, read or use bills, invoices, spreadsheets, budget tables - level																	
at least once a week	66	36	9	27	76	24	23	153	143	60	35	125	44	30	51	82	984
less than once a week	17	16	3	5	75	13	9	44	47	15	14	73	6	8	22	23	390
rarely or never	104	146	58	101	395	105	82	221	285	142	159	259	110	155	200	265	2787
Total	187	198	70	133	546	142	114	418	475	217	208	457	160	193	273	370	4161

as part of job, read or use diagrams or schematics - levels collapsed (trend-ial																	
at least once a week	51	29	4	23	29	19	19	78	62	48	29	76	32	22	30	32	583
less than once a week	16	14	0	2	36	4	4	32	21	8	8	50	1	7	11	15	229
rarely or never	120	155	66	108	481	119	91	308	392	161	170	331	127	164	232	324	3349
Total	187	198	70	133	546	142	114	418	475	217	207	457	160	193	273	371	4161

