	geographical region - respondent (oecd tl2) (coded)																
	KZ1	KZ10	KZ11	KZ12	KZ13	KZ14	KZ15	KZ16	KZ2	KZ3	KZ4	KZ5	KZ6	KZ7	KZ8	KZ9	Total
	No.	No.	No.	No.	No.	No.	No.	No.	No.	No.	No.	No.	No.	No.	No.	No.	No.
skill use work - time cooperating with co-workers																	
none of the time	14	22	18	10	53	19	12	43	47	19	18	19	9	24	15	47	389
up to a quarter of the time	38	68	27	53	181	46	20	125	148	35	34	101	20	70	54	93	1113
up to half of the time	38	31	6	12	76	19	16	66	70	51	42	86	4	20	19	58	614
more than half of the time	42	16	9	20	88	20	20	36	75	20	43	63	28	24	36	33	573
all of the time	42	50	5	27	73	37	39	114	71	65	46	130	94	39	107	99	1038
Total	174	187	65	122	471	141	107	384	411	190	183	399	155	177	231	330	3727

skill use work - how often - sharing work-related info																	
never	18	34	31	22	132	26	20	49	114	41	43	71	20	37	55	69	782
less than once a month	20	16	7	42	102	25	9	15	69	13	22	52	18	37	33	58	538
less than once a week but at least once a month	19	8	0	8	67	6	4	34	42	13	27	56	8	8	15	17	332
at least once a week but not every day	27	23	9	9	106	16	23	55	83	42	36	68	36	17	44	52	646
every day	104	117	23	52	139	69	58	266	167	108	79	212	79	94	126	171	1864
Total	188	198	70	133	546	142	114	419	475	217	207	459	161	193	273	367	4162

skill use work - how often - teaching people																	
never	64	111	53	56	342	66	56	238	267	121	105	230	38	110	117	177	2151
less than once a month	43	18	6	33	74	23	10	43	78	28	31	52	28	29	45	54	595
less than once a week but at least once a month	17	6	2	10	44	8	11	30	29	12	7	40	8	8	24	26	282
at least once a week but not every day	20	18	1	11	26	15	10	38	40	14	24	36	29	6	37	52	377
every day	44	44	8	23	60	30	27	70	61	42	40	101	58	40	50	56	754
Total	188	197	70	133	546	142	114	419	475	217	207	459	161	193	273	365	4159

skill use work - how often - presentations																	
never	105	137	59	77	426	100	78	309	344	164	150	328	79	142	180	266	2944
less than once a month	29	22	2	36	59	22	13	32	76	17	30	49	43	30	35	52	547
less than once a week but at least once a month	21	19	2	9	40	7	11	37	25	13	11	32	4	5	26	19	281
at least once a week but not every day	8	6	1	2	12	9	8	15	15	9	9	27	28	9	21	18	197
every day	25	13	6	9	9	4	4	26	15	14	8	23	6	7	11	14	194
Total	188	197	70	133	546	142	114	419	475	217	208	459	160	193	273	369	4163

skill use work - how often - selling																	
never	101	143	42	86	294	120	82	220	264	156	154	271	85	153	181	202	2554
less than once a month	14	6	3	15	31	3	1	10	22	2	9	18	22	7	11	30	204
less than once a week but at least once a month	6	4	0	4	39	0	4	17	9	3	2	19	1	2	14	8	132
at least once a week but not every day	5	4	2	3	25	2	6	20	18	4	4	17	18	2	17	24	171
every day	62	41	23	24	157	17	21	152	162	52	38	132	35	29	50	103	1098
Total	188	198	70	132	546	142	114	419	475	217	207	457	161	193	273	367	4159

skill use work - how often - advising people																	
never	34	88	37	55	200	56	51	139	156	87	100	165	52	118	106	149	1593
less than once a month	23	20	9	25	65	25	6	23	52	17	21	36	35	15	36	40	448
less than once a week but at least once a month	18	10	2	5	66	3	7	28	16	12	14	48	0	5	16	21	271
at least once a week but not every day	19	16	6	14	62	9	15	39	52	20	25	34	25	8	34	44	422
every day	93	63	16	34	153	49	35	190	199	81	45	174	49	47	81	113	1422
Total	187	197	70	133	546	142	114	419	475	217	205	457	161	193	273	367	4156

skill use work - how often - planning own activities																	
never	28	59	31	24	89	43	35	106	118	40	52	76	26	94	63	82	966
less than once a month	16	9	8	32	89	10	5	23	68	8	19	36	19	16	34	40	432
less than once a week but at least once a month	10	14	2	8	53	3	8	19	42	8	16	43	4	6	31	7	274
at least once a week but not every day	24	15	2	8	87	16	15	49	77	21	29	44	26	13	43	53	522
every day	109	101	27	61	228	70	51	222	169	140	84	260	86	64	102	187	1961
Total	187	198	70	133	546	142	114	419	474	217	200	459	161	193	273	369	4155

skill use work - how often - planning others activities																	
never	95	135	49	84	362	87	72	245	323	123	149	266	88	157	155	203	2593
less than once a month	22	9	8	21	39	18	8	19	36	10	7	36	13	14	26	36	322
less than once a week but at least once a month	6	4	3	4	51	5	8	17	19	10	10	28	0	0	30	12	207
at least once a week but not every day	20	12	0	5	21	7	7	38	34	22	10	29	18	4	26	38	291
every day	43	38	10	19	73	25	19	99	61	52	17	97	41	18	36	81	729
Total	186	198	70	133	546	142	114	418	473	217	193	456	160	193	273	370	4142

skill use work - how often - organising own time																	
never	36	53	35	29	113	43	37	117	112	38	55	84	26	97	68	89	1032
less than once a month	13	12	5	17	64	8	6	15	63	3	12	27	16	16	27	33	337
less than once a week but at least once a month	6	7	1	8	58	6	10	20	29	3	16	27	3	1	28	13	236
at least once a week but not every day	21	15	1	15	78	14	6	30	70	22	17	45	23	12	37	43	449
every day	111	109	28	64	233	71	55	237	200	151	99	275	92	67	113	191	2096
Total	187	196	70	133	546	142	114	419	474	217	199	458	160	193	273	369	4150

skill use work - how often - influencing people																	
never	63	120	50	75	199	80	64	174	221	128	130	208	96	107	125	193	2033
less than once a month	28	13	3	17	76	27	6	16	50	10	12	28	17	20	24	38	385
less than once a week but at least once a month	15	5	1	2	41	3	4	33	24	10	4	55	3	4	20	17	241
at least once a week but not every day	19	14	2	5	72	9	10	42	40	21	25	35	20	13	40	34	401
every day	61	46	14	34	158	23	30	154	139	48	37	129	20	48	64	86	1091
Total	186	198	70	133	546	142	114	419	474	217	208	455	156	192	273	368	4151

skill use work - how often - negotiating with people																	
never	77	127	54	73	279	71	55	191	238	142	139	208	91	121	143	182	2191
less than once a month	31	9	1	17	52	18	11	33	62	8	20	42	13	22	22	50	411
less than once a week but at least once a month	8	12	3	8	66	3	5	28	31	8	8	57	4	6	17	17	281
at least once a week but not every day	15	14	3	6	47	12	12	39	49	27	18	53	29	9	34	33	400
every day	54	36	9	29	102	38	31	127	95	32	23	98	18	34	57	88	871
Total	185	198	70	133	546	142	114	418	475	217	208	458	155	192	273	370	4154

skill use work - problem solving - simple problems																	
never	11	22	22	22	114	61	9	38	91	16	33	23	22	48	51	84	667
less than once a month	28	25	15	35	126	29	17	58	80	45	61	57	23	48	71	77	795
less than once a week but at least once a month	34	21	10	23	130	4	19	75	80	42	47	67	25	42	29	43	691
at least once a week but not every day	43	39	11	20	100	15	27	102	116	36	33	113	19	32	46	58	810
every day	72	91	12	33	76	33	42	146	108	78	32	193	63	23	74	96	1172
Total	188	198	70	133	546	142	114	419	475	217	206	453	152	193	271	358	4135

skill use work - problem solving - complex problems																	
never	19	37	24	43	142	49	12	105	125	18	63	48	23	58	81	100	947
less than once a month	52	44	27	46	189	39	22	113	158	87	63	123	34	68	73	95	1233
less than once a week but at least once a month	32	38	9	16	125	17	26	71	103	44	39	127	29	44	39	58	817
at least once a week but not every day	40	49	5	6	59	16	39	73	74	40	29	87	33	13	40	60	663
every day	45	30	5	22	31	21	15	57	14	28	11	70	33	10	38	42	472
Total	188	198	70	133	546	142	114	419	474	217	205	455	152	193	271	355	4132

skill use work - how often - using hands or fingers																	
never	51	76	36	48	204	61	37	107	174	81	83	91	32	99	88	105	1373
less than once a month	16	21	10	17	40	24	8	17	56	10	17	28	10	7	22	44	347
less than once a week but at least once a month	13	5	2	3	52	5	6	31	27	10	11	52	2	5	15	17	256
at least once a week but not every day	22	18	9	6	65	20	10	45	51	23	19	42	30	13	20	52	445
every day	85	78	13	59	185	32	53	218	166	92	79	246	86	69	128	151	1740
Total	187	198	70	133	546	142	114	418	474	216	209	459	160	193	273	369	4161

skill use work - not challenged enough																	
yes	148	151	55	95	463	102	79	347	366	179	138	362	115	166	231	276	3273
no	13	13	7	11	53	16	9	32	37	15	27	38	12	9	11	45	348
Total	161	164	62	106	516	118	88	379	403	194	165	400	127	175	242	321	3621

skill use work - need more training																	
yes	81	65	25	66	161	55	40	145	142	94	88	171	39	76	79	90	1417
no	80	99	37	40	359	63	49	234	269	100	79	227	106	99	163	233	2237
Total	161	164	62	106	520	118	89	379	411	194	167	398	145	175	242	323	3654

