	geographical region - respondent (oecd tl2) (coded)																
	KZ1	KZ10	KZ11	KZ12	KZ13	KZ14	KZ15	KZ16	KZ2	KZ3	KZ4	KZ5	KZ6	KZ7	KZ8	KZ9	Total
	No.	No.	No.	No.	No.	No.	No.	No.	No.	No.	No.	No.	No.	No.	No.	No.	No.
in daily life, read or use letters, notes, e-mails (trend-ials/all)																	
at least once a week	111	151	38	85	248	90	102	255	374	114	151	325	77	116	168	201	2606
less than once a week but at least once a month	40	14	5	7	81	1	11	44	69	10	19	68	12	6	27	30	444
rarely	37	20	13	20	106	20	21	40	89	38	30	66	35	26	55	81	697
never	78	89	86	98	362	75	82	198	155	130	146	226	72	97	188	204	2286
Total	266	274	142	210	797	186	216	537	687	292	346	685	196	245	438	516	6033

in daily life, read or use newspapers, magazines, articles (trend-ials/all)																	
at least once a week	71	115	15	58	156	56	85	167	148	119	79	175	69	60	96	126	1595
less than once a week but at least once a month	38	18	9	17	108	4	22	87	46	32	35	111	12	30	57	54	680
rarely	42	24	11	30	136	41	39	81	155	42	52	90	35	43	59	108	988
never	115	117	107	105	397	85	70	202	338	99	181	309	80	112	226	229	2772
Total	266	274	142	210	797	186	216	537	687	292	347	685	196	245	438	517	6035

in daily life, read or use books (fiction or nonfiction; not for job or school) 																	
at least once a week	86	90	12	50	171	54	79	162	184	103	60	155	60	67	103	188	1624
less than once a week but at least once a month	34	19	11	13	150	9	21	122	80	43	37	124	23	45	58	44	833
rarely	62	63	18	38	235	37	56	101	196	56	89	148	52	66	115	118	1450
never	84	102	101	109	241	86	60	152	226	89	160	259	61	67	162	162	2121
Total	266	274	142	210	797	186	216	537	686	291	346	686	196	245	438	512	6028

