	geographical region - respondent (oecd tl2) (coded)																
	KZ1	KZ10	KZ11	KZ12	KZ13	KZ14	KZ15	KZ16	KZ2	KZ3	KZ4	KZ5	KZ6	KZ7	KZ8	KZ9	Total
	No.	No.	No.	No.	No.	No.	No.	No.	No.	No.	No.	No.	No.	No.	No.	No.	No.
skill use work - numeracy - how often - calculating costs or budgets																	
never	85	124	56	82	309	97	65	213	219	122	129	200	84	130	146	201	2262
less than once a month	32	15	3	22	61	16	16	25	46	10	18	43	27	19	25	56	434
less than once a week but at least once a month	12	7	2	2	50	5	11	29	32	10	10	65	2	9	23	21	290
at least once a week but not every day	10	18	4	5	44	7	7	42	53	23	16	25	25	6	21	27	333
every day	47	34	5	22	82	17	16	109	125	52	35	125	23	29	58	68	847
Total	186	198	70	133	546	142	115	418	475	217	208	458	161	193	273	373	4166

skill use work - numeracy - how often - use or calculate fractions or percentage																	
never	103	148	59	102	404	113	84	285	326	154	161	279	82	166	214	305	2985
less than once a month	29	11	1	13	51	11	12	24	42	12	21	42	28	10	17	27	351
less than once a week but at least once a month	15	9	4	1	40	4	2	23	18	6	7	37	4	2	8	9	189
at least once a week but not every day	9	10	4	1	27	6	7	28	37	15	9	36	22	4	12	16	243
every day	30	20	2	16	23	8	10	58	52	30	11	63	24	11	22	15	395
Total	186	198	70	133	545	142	115	418	475	217	209	457	160	193	273	372	4163

skill use work - numeracy - how often - use a calculator																	
never	76	101	43	55	231	63	49	159	144	117	90	147	50	103	109	186	1723
less than once a month	13	22	6	20	72	29	9	22	45	13	24	33	19	20	26	38	411
less than once a week but at least once a month	18	11	1	5	47	6	8	21	24	6	12	56	8	8	20	17	268
at least once a week but not every day	27	12	6	11	63	13	15	43	73	25	26	32	40	11	26	35	458
every day	53	52	14	42	133	31	34	173	189	56	56	191	44	51	92	97	1308
Total	187	198	70	133	546	142	115	418	475	217	208	459	161	193	273	373	4168

skill use work - numeracy - how often - prepare charts graphs or tables																	
never	113	142	63	97	435	107	79	324	327	157	142	290	76	139	206	289	2986
less than once a month	20	17	4	13	41	14	14	14	51	15	28	45	32	22	23	26	379
less than once a week but at least once a month	22	19	0	3	49	5	5	27	27	9	11	51	6	9	11	26	280
at least once a week but not every day	15	6	3	5	13	9	10	22	43	20	17	25	30	9	7	19	253
every day	16	12	0	15	8	8	7	31	27	16	11	48	17	14	26	11	267
Total	186	196	70	133	546	143	115	418	475	217	209	459	161	193	273	371	4165

skill use work - numeracy - how often - prepare charts graphs or tables																	
never	113	142	63	97	435	107	79	324	327	157	142	290	76	139	206	289	2986
less than once a month	20	17	4	13	41	14	14	14	51	15	28	45	32	22	23	26	379
less than once a week but at least once a month	22	19	0	3	49	5	5	27	27	9	11	51	6	9	11	26	280
at least once a week but not every day	15	6	3	5	13	9	10	22	43	20	17	25	30	9	7	19	253
every day	16	12	0	15	8	8	7	31	27	16	11	48	17	14	26	11	267
Total	186	196	70	133	546	143	115	418	475	217	209	459	161	193	273	371	4165

skill use work - numeracy - how often - use simple algebra or formulas																	
never	123	134	64	102	368	96	85	305	333	169	135	257	94	158	222	306	2951
less than once a month	19	17	0	12	32	19	9	20	36	10	17	37	21	14	9	19	291
less than once a week but at least once a month	12	11	0	4	40	3	3	15	17	2	11	41	3	4	7	9	182
at least once a week but not every day	9	2	2	4	35	9	6	16	34	5	13	25	26	2	6	11	205
every day	23	34	4	11	71	16	12	62	55	31	33	98	17	15	29	28	539
Total	186	198	70	133	546	143	115	418	475	217	209	458	161	193	273	373	4168

skill use work - numeracy - how often - use advanced math or statistics																	
never	160	180	69	114	492	131	103	378	436	211	187	388	115	177	249	348	3738
less than once a month	10	4	0	13	25	5	8	7	13	1	9	24	21	9	5	15	169
less than once a week but at least once a month	8	5	0	0	22	2	1	8	4	1	4	24	2	0	8	3	92
at least once a week but not every day	2	2	0	2	3	2	2	11	17	3	3	12	13	2	3	2	79
every day	6	7	1	4	4	3	1	14	5	1	6	7	10	5	8	5	87
Total	186	198	70	133	546	143	115	418	475	217	209	455	161	193	273	373	4165

skill use work - ict - experience with computer in job																	
yes	127	85	35	91	232	65	59	196	263	109	100	224	94	94	149	190	2113
no	60	113	35	42	314	78	56	222	212	108	110	235	67	99	124	183	2058
Total	187	198	70	133	546	143	115	418	475	217	210	459	161	193	273	373	4171

skill use work - ict - internet - how often - for mail																	
never	12	16	13	11	62	16	10	24	30	20	16	33	6	13	27	30	339
less than once a month	13	10	2	11	32	6	3	11	15	9	16	18	16	7	23	31	223
less than once a week but at least once a month	18	8	0	5	32	1	6	11	17	6	5	25	4	3	9	14	164
at least once a week but not every day	21	10	3	16	40	17	10	42	47	23	22	30	28	12	21	53	395
every day	63	41	17	48	66	25	30	108	153	51	41	118	40	59	69	62	991
Total	127	85	35	91	232	65	59	196	262	109	100	224	94	94	149	190	2112

skill use work - ict - internet - how often - work related info																	
never	19	16	17	13	44	14	8	13	16	11	10	21	9	14	13	34	272
less than once a month	9	8	7	3	31	7	3	9	29	6	9	20	14	5	22	26	208
less than once a week but at least once a month	11	4	1	3	38	4	4	22	20	7	8	18	4	8	11	13	176
at least once a week but not every day	19	15	2	15	48	17	11	46	64	25	24	38	31	12	39	49	455
every day	69	42	8	57	71	23	33	106	133	60	48	127	36	55	64	67	999
Total	127	85	35	91	232	65	59	196	262	109	99	224	94	94	149	189	2110

skill use work - ict - internet - how often - conduct transactions																	
never	58	52	22	35	145	41	41	114	135	70	63	134	32	70	89	101	1202
less than once a month	21	8	6	13	24	16	10	11	36	14	18	19	15	7	16	41	275
less than once a week but at least once a month	11	5	2	4	22	5	0	16	16	5	1	15	5	2	13	16	138
at least once a week but not every day	12	7	0	2	20	2	3	20	34	10	8	12	18	2	12	13	175
every day	24	13	5	37	21	1	5	35	40	10	10	43	24	13	19	19	319
Total	126	85	35	91	232	65	59	196	261	109	100	223	94	94	149	190	2109

skill use work - ict - computer - how often - spreadsheets																	
never	35	26	15	29	63	13	19	46	74	28	25	70	40	25	36	74	618
less than once a month	19	12	7	14	40	8	6	16	43	12	27	22	14	19	20	39	318
less than once a week but at least once a month	16	11	3	6	43	7	8	24	22	16	9	33	3	12	22	15	250
at least once a week but not every day	24	8	3	4	49	8	7	35	52	17	17	18	20	9	24	28	323
every day	33	28	7	38	37	29	19	75	71	36	22	81	17	29	47	33	602
Total	127	85	35	91	232	65	59	196	262	109	100	224	94	94	149	189	2111

skill use work - ict - computer - how often - word																	
never	23	15	15	16	73	11	13	24	49	18	11	55	19	19	26	41	428
less than once a month	12	4	8	8	38	6	6	12	28	5	13	16	17	17	19	21	230
less than once a week but at least once a month	12	9	3	7	29	3	7	15	32	9	10	26	3	8	14	19	206
at least once a week but not every day	33	12	3	9	51	10	5	37	60	25	20	24	34	5	28	51	407
every day	47	45	6	51	41	35	28	108	93	52	46	103	21	45	62	58	841
Total	127	85	35	91	232	65	59	196	262	109	100	224	94	94	149	190	2112

skill use work - ict - computer - how often - programming language																	
never	94	75	26	40	191	56	51	163	205	96	78	136	36	80	107	155	1589
less than once a month	9	4	1	11	9	1	2	7	14	3	8	14	12	4	4	6	109
less than once a week but at least once a month	9	1	0	1	15	2	3	8	11	2	1	29	2	2	7	7	100
at least once a week but not every day	6	0	0	0	4	2	0	6	10	5	4	10	25	0	6	11	89
every day	9	5	8	39	13	3	3	12	22	3	9	35	19	8	25	11	224
Total	127	85	35	91	232	64	59	196	262	109	100	224	94	94	149	190	2111

skill use work - ict - computer - how often - real-time discussions																	
never	68	56	26	36	154	46	37	104	142	53	54	139	43	55	77	131	1221
less than once a month	17	11	3	16	17	6	7	26	36	8	23	22	19	8	14	27	260
less than once a week but at least once a month	13	3	0	5	17	2	7	22	12	3	2	20	2	2	12	13	135
at least once a week but not every day	13	5	0	3	10	4	4	22	14	12	12	13	20	3	14	11	160
every day	16	10	6	31	34	7	4	22	58	33	9	30	10	26	32	8	336
Total	127	85	35	91	232	65	59	196	262	109	100	224	94	94	149	190	2112

skill use work - ict - computer - level of computer use																	
straightforward	20	25	23	28	90	22	24	45	74	33	27	86	34	27	36	97	691
moderate	93	57	12	58	135	41	34	142	171	69	64	106	50	63	99	86	1280
complex	14	3	0	5	6	2	1	9	18	6	9	31	10	4	14	6	138
Total	127	85	35	91	231	65	59	196	263	108	100	223	94	94	149	189	2109

skill use work - ict - computer - got the skills needed																	
yes	117	78	30	85	219	59	53	188	245	96	89	207	74	82	138	173	1933
no	10	7	5	5	13	5	6	8	18	12	10	16	13	12	11	16	167
Total	127	85	35	90	232	64	59	196	263	108	99	223	87	94	149	189	2100

