	age_gr			
	aged 16 to 29	aged 30 to 50	aged 50+	Total
	No.	No.	No.	No.
in daily life, read or use letters, notes, e-mails (trend-ials/all)				
at least once a week	1003	1251	353	2607
less than once a week but at least once a month	140	218	86	444
rarely	181	360	156	697
never	470	1112	704	2286
Total	1794	2941	1299	6034

in daily life, read or use newspapers, magazines, articles (trend-ials/all)				
at least once a week	414	724	457	1595
less than once a week but at least once a month	218	331	131	680
rarely	312	509	168	989
never	850	1378	544	2772
Total	1794	2942	1300	6036

in daily life, read or use books (fiction or nonfiction; not for job or school) 				
at least once a week	522	668	434	1624
less than once a week but at least once a month	262	401	170	833
rarely	437	740	273	1450
never	573	1128	421	2122
Total	1794	2937	1298	6029

